started

0
00
212
00
191
00
41
00
255
00
105
00
0
00
212
00
191
00
41
00
255
00
105
00
0
00
212
00
191
00
41
00
255
00
105
00
0
00
212
00
191
00
45
00
255
00
109
00
0
00
212
00
191
00
45
00
255
00
109
00
0
00
212
00
191
00
45
00
255
00
109
00
0
00
212
00
191
00
47
00
95
00
1
00
0
00
255
00
1
00
0
00
255
00
1
00
0
00
255
00
1
00
0
00
255
00
1
00
0
00
255
00
1
00
0
00
255
00
1
00
0
00
255
00
1
00
0
00
255
00
1
00
0
00
255
00
1
00
0
00
255
00
1
00
0
00
255
00
1
00
0
00
255
00
1
00
0
00
255
00
1
00
0
00
255
00
1
00
0
00
255
00
1
00
0
00
255
00
1
00
0
00
255
00
1
00
0
00
255
00
1
00
0
00
255
00
1
00
0
00
255
00
207
00
0
00
212
00
191
00
47
00
95
00
1
00
0
00
255
00
1
00
0
00
255
00
1
00
0
00
255
00
1
00
0
00
255
00
1
00
0
00
255
00
1
00
0
00
255
00
1
00
0
00
255
00
1
00
0
00
255
00
1
00
0
00
255
00
1
00
0
00
255
00
1
00
255
00
0
00
255
00
0
00
1
00
0
00
212
00
191
00
47
00
95
00
1
00
0
00
255
00
1
00
0
00
255
00
1
00
0
00
255
00
1
00
0
00
255
00
255
00
255
00
255
00
0
00
255
00
255
00
255
00
212
00
191
00
35
00
99
00
212
00
191
00
35
00
99
00
212
00
191
00
35
00
99
00
212
00
191
00
35
00
99
00
212
00
191
00
35
00
99
00
212
00
191
00
35
00
99
00
212
00
191
00
41
00
255
00
105
00
0
00
212
00
191
00
41
00
255
00
105
00
0
00
212
00
191
00
41
00
255
00
105
00
0
00
212
00
191
00
45
00
255
00
109
00
0
00
212
00
191
00
45
00
255
00
109
00
0
00
212
00
191
00
45
00
255
00
109
00
0
00
1
00
0
00
